50
370.48567124829515
256.6584492984455
182.5115464023509
388.37448313560407
959.7944907261681
425.484609120782
557.0058180389517
650.2036993340752
824.9361798351384
562.0461475780417
916.1305963413886
996.6458357559236
356.45155760012005
410.8539010378411
563.9025911925852
886.6329394829772
671.5950726356691
853.7242312205155
645.8049176398521
426.48606769601827
23.804110426238644
896.7704417208928
330.68092549112026
43.664660417400135
791.7876478311686
803.1193940808982
910.1232105046755
236.48845679760544
911.874435521846
332.80174714905917
774.1034089583843
841.3875466882317
120.80011211321096
526.116662875574
51.14734330577653
454.49948533458064
441.4323012208796
564.532174823576
618.2798188504889
604.2364251144616
846.2937528245793
207.34998243942414
178.75701520107333
227.69145832662474
542.1605066467073
815.268002096043
582.6856818761833
18.28834522092282
479.0115179731044
78.68886389451357
